16
1 0.00 0.000 0.000 2.610 0.000 0.000 -1.970	0 EXT
2 0.15 0.000 2.005 2.825 0.000 0.000 -0.860	1 X1
3 0.30 0.000 2.540 2.990 0.000 0.000 -0.530	1 X1
4 0.45 0.000 2.705 3.085 0.000 0.000 -0.380	1 X1
5 0.60 0.000 2.825 3.165 0.000 0.000 -0.280	1 X1
6 0.75 0.000 2.895 3.235 0.000 0.000 -0.220	1 X1
7 0.90 0.000 2.950 3.260 0.000 0.000 -0.170	1 X1
8 1.05 0.000 2.975 3.275 0.000 0.000 -0.150	1 X1
9 1.20 0.000 2.975 3.275 0.000 0.000 -0.150	1 X1
10 1.35 0.000 2.950 3.260 0.000 0.000 -0.170	1 X1
11 1.50 0.000 2.895 3.235 0.000 0.000 -0.220	1 X1
12 1.65 0.000 2.825 3.165 0.000 0.000 -0.280	1 X1
13 1.80 0.000 2.705 3.085 0.000 0.000 -0.380	1 X1
14 1.95 0.000 2.540 2.990 0.000 0.000 -0.530	1 X1
15 2.10 0.000 2.005 2.825 0.000 0.000 -0.860	1 X1
16 2.25 0.000 0.000 2.610 0.000 0.000 -1.970	0 EXT
15
1 2 0.1
2 3 0.1
3 4 0.1
4 5 0.1
5 6 0.1
6 7 0.1
7 8 0.1
8 9 0.1
9 10 0.1
10 11 0.1
11 12 0.1
12 13 0.1
13 14 0.1
14 15 0.1
15 16 0.1
