133
1  -2.500000  -2.500000  +0.000000  +1.260952  +0.000  +0.000  -5.000  1  DIAGONALI
2  -2.377641  -2.377641  +0.772542  +1.478791  +0.000  +0.000  -5.000  1  DIAGONALI
3  -2.022542  -2.022542  +1.469463  +1.936317  +0.000  +0.000  -5.000  1  DIAGONALI
4  -1.469463  -1.469463  +2.022542  +2.383417  +0.000  +0.000  -5.000  1  DIAGONALI
5  -0.772542  -0.772542  +2.377641  +2.691315  +0.000  +0.000  -5.000  1  DIAGONALI
6  -0.000000  +0.000000  +2.500000  +2.800000  +0.000  +0.000  -5.000  1  DIAGONALI
7  -2.500000  -2.377641  +0.772542  +1.478791  +0.000  +0.000  -5.000  1  MERIDIANI
8  -2.500000  -2.022542  +1.469463  +1.936317  +0.000  +0.000  -5.000  1  MERIDIANI
9  -2.500000  -1.469463  +2.022542  +2.383417  +0.000  +0.000  -5.000  1  MERIDIANI
10  -2.500000  -0.772542  +2.377641  +2.691315  +0.000  +0.000  -5.000  1  MERIDIANI
11  -2.500000  +0.000000  +2.500000  +2.800000  +0.000  +0.000  -5.000  1  MERIDIANI
12  -2.022542  -1.469463  +2.022542  +2.383417  +0.000  +0.000  -5.000  1  MERIDIANI
13  -2.022542  -0.772542  +2.377641  +2.691315  +0.000  +0.000  -5.000  1  MERIDIANI
14  -2.022542  +0.000000  +2.500000  +2.800000  +0.000  +0.000  -5.000  1  MERIDIANI
15  -1.469463  -0.772542  +2.377641  +2.691315  +0.000  +0.000  -5.000  1  MERIDIANI
16  -1.469463  +0.000000  +2.500000  +2.800000  +0.000  +0.000  -5.000  1  MERIDIANI
17  -0.772542  +0.000000  +2.500000  +2.800000  +0.000  +0.000  -5.000  1  MERIDIANI
18  -2.377641  -2.500000  +0.772542  +1.478791  +0.000  +0.000  -5.000  1  MERIDIANI
19  -2.022542  -2.500000  +1.469463  +1.936317  +0.000  +0.000  -5.000  1  MERIDIANI
20  -1.469463  -2.500000  +2.022542  +2.383417  +0.000  +0.000  -5.000  1  MERIDIANI
21  -0.772542  -2.500000  +2.377641  +2.691315  +0.000  +0.000  -5.000  1  MERIDIANI
22  -0.000000  -2.500000  +2.500000  +2.800000  +0.000  +0.000  -5.000  1  MERIDIANI
23  -1.469463  -2.022542  +2.022542  +2.383417  +0.000  +0.000  -5.000  1  MERIDIANI
24  -0.772542  -2.022542  +2.377641  +2.691315  +0.000  +0.000  -5.000  1  MERIDIANI
25  -0.000000  -2.022542  +2.500000  +2.800000  +0.000  +0.000  -5.000  1  MERIDIANI
26  -0.772542  -1.469463  +2.377641  +2.691315  +0.000  +0.000  -5.000  1  MERIDIANI
27  -0.000000  -1.469463  +2.500000  +2.800000  +0.000  +0.000  -5.000  1  MERIDIANI
28  -0.000000  -0.772542  +2.500000  +2.800000  +0.000  +0.000  -5.000  1  MERIDIANI
29  -0.000000  -2.977458  +2.000000  +2.800000  +0.000  +0.000  -5.000  0  PARALLELI
30  -0.772542  -2.977458  +1.877641  +2.691315  +0.000  +0.000  -5.000  0  PARALLELI
31  -1.469463  -2.977458  +1.522542  +2.383417  +0.000  +0.000  -5.000  0  PARALLELI
32  -2.022542  -2.977458  +0.969463  +1.936317  +0.000  +0.000  -5.000  0  PARALLELI
33  -2.377641  -2.977458  +0.272542  +1.000000  +0.000  +0.000  -5.000  0  PARALLELI
34  -2.977458  -0.000000  +2.000000  +2.800000  +0.000  +0.000  -5.000  0  PARALLELI
35  -2.977458  -0.772542  +1.877641  +2.691315  +0.000  +0.000  -5.000  0  PARALLELI
36  -2.977458  -1.469463  +1.522542  +2.383417  +0.000  +0.000  -5.000  0  PARALLELI
37  -2.977458  -2.022542  +0.969463  +1.936317  +0.000  +0.000  -5.000  0  PARALLELI
38  -2.977458  -2.377641  +0.272542  +1.000000  +0.000  +0.000  -5.000  0  PARALLELI
39  -2.500000  +2.500000  +0.000000  +1.260952  +0.000  +0.000  -5.000  1  DIAGONALI
40  -2.377641  +2.377641  +0.772542  +1.478791  +0.000  +0.000  -5.000  1  DIAGONALI
41  -2.022542  +2.022542  +1.469463  +1.936317  +0.000  +0.000  -5.000  1  DIAGONALI
42  -1.469463  +1.469463  +2.022542  +2.383417  +0.000  +0.000  -5.000  1  DIAGONALI
43  -0.772542  +0.772542  +2.377641  +2.691315  +0.000  +0.000  -5.000  1  DIAGONALI
44  -2.500000  +2.377641  +0.772542  +1.478791  +0.000  +0.000  -5.000  1  MERIDIANI
45  -2.500000  +2.022542  +1.469463  +1.936317  +0.000  +0.000  -5.000  1  MERIDIANI
46  -2.500000  +1.469463  +2.022542  +2.383417  +0.000  +0.000  -5.000  1  MERIDIANI
47  -2.500000  +0.772542  +2.377641  +2.691315  +0.000  +0.000  -5.000  1  MERIDIANI
48  -2.022542  +1.469463  +2.022542  +2.383417  +0.000  +0.000  -5.000  1  MERIDIANI
49  -2.022542  +0.772542  +2.377641  +2.691315  +0.000  +0.000  -5.000  1  MERIDIANI
50  -1.469463  +0.772542  +2.377641  +2.691315  +0.000  +0.000  -5.000  1  MERIDIANI
51  -2.377641  +2.500000  +0.772542  +1.478791  +0.000  +0.000  -5.000  1  MERIDIANI
52  -2.022542  +2.500000  +1.469463  +1.936317  +0.000  +0.000  -5.000  1  MERIDIANI
53  -1.469463  +2.500000  +2.022542  +2.383417  +0.000  +0.000  -5.000  1  MERIDIANI
54  -0.772542  +2.500000  +2.377641  +2.691315  +0.000  +0.000  -5.000  1  MERIDIANI
55  -0.000000  +2.500000  +2.500000  +2.800000  +0.000  +0.000  -5.000  1  MERIDIANI
56  -1.469463  +2.022542  +2.022542  +2.383417  +0.000  +0.000  -5.000  1  MERIDIANI
57  -0.772542  +2.022542  +2.377641  +2.691315  +0.000  +0.000  -5.000  1  MERIDIANI
58  -0.000000  +2.022542  +2.500000  +2.800000  +0.000  +0.000  -5.000  1  MERIDIANI
59  -0.772542  +1.469463  +2.377641  +2.691315  +0.000  +0.000  -5.000  1  MERIDIANI
60  -0.000000  +1.469463  +2.500000  +2.800000  +0.000  +0.000  -5.000  1  MERIDIANI
61  -0.000000  +0.772542  +2.500000  +2.800000  +0.000  +0.000  -5.000  1  MERIDIANI
62  -0.000000  +2.977458  +2.000000  +2.800000  +0.000  +0.000  -5.000  0  PARALLELI
63  -0.772542  +2.977458  +1.877641  +2.691315  +0.000  +0.000  -5.000  0  PARALLELI
64  -1.469463  +2.977458  +1.522542  +2.383417  +0.000  +0.000  -5.000  0  PARALLELI
65  -2.022542  +2.977458  +0.969463  +1.936317  +0.000  +0.000  -5.000  0  PARALLELI
66  -2.377641  +2.977458  +0.272542  +1.000000  +0.000  +0.000  -5.000  0  PARALLELI
67  -2.977458  +0.772542  +1.877641  +2.691315  +0.000  +0.000  -5.000  0  PARALLELI
68  -2.977458  +1.469463  +1.522542  +2.383417  +0.000  +0.000  -5.000  0  PARALLELI
69  -2.977458  +2.022542  +0.969463  +1.936317  +0.000  +0.000  -5.000  0  PARALLELI
70  -2.977458  +2.377641  +0.272542  +1.000000  +0.000  +0.000  -5.000  0  PARALLELI
71  +2.500000  -2.500000  +0.000000  +1.260952  +0.000  +0.000  -5.000  1  DIAGONALI
72  +2.377641  -2.377641  +0.772542  +1.478791  +0.000  +0.000  -5.000  1  DIAGONALI
73  +2.022542  -2.022542  +1.469463  +1.936317  +0.000  +0.000  -5.000  1  DIAGONALI
74  +1.469463  -1.469463  +2.022542  +2.383417  +0.000  +0.000  -5.000  1  DIAGONALI
75  +0.772542  -0.772542  +2.377641  +2.691315  +0.000  +0.000  -5.000  1  DIAGONALI
76  +2.500000  -2.377641  +0.772542  +1.478791  +0.000  +0.000  -5.000  1  MERIDIANI
77  +2.500000  -2.022542  +1.469463  +1.936317  +0.000  +0.000  -5.000  1  MERIDIANI
78  +2.500000  -1.469463  +2.022542  +2.383417  +0.000  +0.000  -5.000  1  MERIDIANI
79  +2.500000  -0.772542  +2.377641  +2.691315  +0.000  +0.000  -5.000  1  MERIDIANI
80  +2.500000  +0.000000  +2.500000  +2.800000  +0.000  +0.000  -5.000  1  MERIDIANI
81  +2.022542  -1.469463  +2.022542  +2.383417  +0.000  +0.000  -5.000  1  MERIDIANI
82  +2.022542  -0.772542  +2.377641  +2.691315  +0.000  +0.000  -5.000  1  MERIDIANI
83  +2.022542  +0.000000  +2.500000  +2.800000  +0.000  +0.000  -5.000  1  MERIDIANI
84  +1.469463  -0.772542  +2.377641  +2.691315  +0.000  +0.000  -5.000  1  MERIDIANI
85  +1.469463  +0.000000  +2.500000  +2.800000  +0.000  +0.000  -5.000  1  MERIDIANI
86  +0.772542  +0.000000  +2.500000  +2.800000  +0.000  +0.000  -5.000  1  MERIDIANI
87  +2.377641  -2.500000  +0.772542  +1.478791  +0.000  +0.000  -5.000  1  MERIDIANI
88  +2.022542  -2.500000  +1.469463  +1.936317  +0.000  +0.000  -5.000  1  MERIDIANI
89  +1.469463  -2.500000  +2.022542  +2.383417  +0.000  +0.000  -5.000  1  MERIDIANI
90  +0.772542  -2.500000  +2.377641  +2.691315  +0.000  +0.000  -5.000  1  MERIDIANI
91  +1.469463  -2.022542  +2.022542  +2.383417  +0.000  +0.000  -5.000  1  MERIDIANI
92  +0.772542  -2.022542  +2.377641  +2.691315  +0.000  +0.000  -5.000  1  MERIDIANI
93  +0.772542  -1.469463  +2.377641  +2.691315  +0.000  +0.000  -5.000  1  MERIDIANI
94  +0.772542  -2.977458  +1.877641  +2.691315  +0.000  +0.000  -5.000  0  PARALLELI
95  +1.469463  -2.977458  +1.522542  +2.383417  +0.000  +0.000  -5.000  0  PARALLELI
96  +2.022542  -2.977458  +0.969463  +1.936317  +0.000  +0.000  -5.000  0  PARALLELI
97  +2.377641  -2.977458  +0.272542  +1.000000  +0.000  +0.000  -5.000  0  PARALLELI
98  +2.977458  +0.000000  +2.000000  +2.800000  +0.000  +0.000  -5.000  0  PARALLELI
99  +2.977458  -0.772542  +1.877641  +2.691315  +0.000  +0.000  -5.000  0  PARALLELI
100  +2.977458  -1.469463  +1.522542  +2.383417  +0.000  +0.000  -5.000  0  PARALLELI
101  +2.977458  -2.022542  +0.969463  +1.936317  +0.000  +0.000  -5.000  0  PARALLELI
102  +2.977458  -2.377641  +0.272542  +1.000000  +0.000  +0.000  -5.000  0  PARALLELI
103  +2.500000  +2.500000  +0.000000  +1.260952  +0.000  +0.000  -5.000  1  DIAGONALI
104  +2.377641  +2.377641  +0.772542  +1.478791  +0.000  +0.000  -5.000  1  DIAGONALI
105  +2.022542  +2.022542  +1.469463  +1.936317  +0.000  +0.000  -5.000  1  DIAGONALI
106  +1.469463  +1.469463  +2.022542  +2.383417  +0.000  +0.000  -5.000  1  DIAGONALI
107  +0.772542  +0.772542  +2.377641  +2.691315  +0.000  +0.000  -5.000  1  DIAGONALI
108  +2.500000  +2.377641  +0.772542  +1.478791  +0.000  +0.000  -5.000  1  MERIDIANI
109  +2.500000  +2.022542  +1.469463  +1.936317  +0.000  +0.000  -5.000  1  MERIDIANI
110  +2.500000  +1.469463  +2.022542  +2.383417  +0.000  +0.000  -5.000  1  MERIDIANI
111  +2.500000  +0.772542  +2.377641  +2.691315  +0.000  +0.000  -5.000  1  MERIDIANI
112  +2.022542  +1.469463  +2.022542  +2.383417  +0.000  +0.000  -5.000  1  MERIDIANI
113  +2.022542  +0.772542  +2.377641  +2.691315  +0.000  +0.000  -5.000  1  MERIDIANI
114  +1.469463  +0.772542  +2.377641  +2.691315  +0.000  +0.000  -5.000  1  MERIDIANI
115  +2.377641  +2.500000  +0.772542  +1.478791  +0.000  +0.000  -5.000  1  MERIDIANI
116  +2.022542  +2.500000  +1.469463  +1.936317  +0.000  +0.000  -5.000  1  MERIDIANI
117  +1.469463  +2.500000  +2.022542  +2.383417  +0.000  +0.000  -5.000  1  MERIDIANI
118  +0.772542  +2.500000  +2.377641  +2.691315  +0.000  +0.000  -5.000  1  MERIDIANI
119  +1.469463  +2.022542  +2.022542  +2.383417  +0.000  +0.000  -5.000  1  MERIDIANI
120  +0.772542  +2.022542  +2.377641  +2.691315  +0.000  +0.000  -5.000  1  MERIDIANI
121  +0.772542  +1.469463  +2.377641  +2.691315  +0.000  +0.000  -5.000  1  MERIDIANI
122  +0.772542  +2.977458  +1.877641  +2.691315  +0.000  +0.000  -5.000  0  PARALLELI
123  +1.469463  +2.977458  +1.522542  +2.383417  +0.000  +0.000  -5.000  0  PARALLELI
124  +2.022542  +2.977458  +0.969463  +1.936317  +0.000  +0.000  -5.000  0  PARALLELI
125  +2.377641  +2.977458  +0.272542  +1.000000  +0.000  +0.000  -5.000  0  PARALLELI
126  +2.977458  +0.772542  +1.877641  +2.691315  +0.000  +0.000  -5.000  0  PARALLELI
127  +2.977458  +1.469463  +1.522542  +2.383417  +0.000  +0.000  -5.000  0  PARALLELI
128  +2.977458  +2.022542  +0.969463  +1.936317  +0.000  +0.000  -5.000  0  PARALLELI
129  +2.977458  +2.377641  +0.272542  +1.000000  +0.000  +0.000  -5.000  0  PARALLELI
130  +2.782843  -2.782843  -1.785799  +1.000000  +0.000  +0.000  -5.000  0  DIAGONALI
131  -2.782843  -2.782843  -1.785799  +1.000000  +0.000  +0.000  -5.000  0  DIAGONALI
132  +2.782843  +2.782843  -1.785799  +1.000000  +0.000  +0.000  -5.000  0  DIAGONALI
133  -2.782843  +2.782843  -1.785799  +1.000000  +0.000  +0.000  -5.000  0  DIAGONALI
220
1 2 1.0
2 3 1.0
3 4 1.0
4 5 1.0
5 6 1.0
1 7 0.5
7 8 0.5
8 9 0.5
9 10 0.5
10 11 0.5
3 12 0.5
12 13 0.5
13 14 0.5
4 15 0.5
15 16 0.5
5 17 0.5
11 14 0.75
14 16 0.75
16 17 0.75
17 6 0.75
10 13 0.75
13 15 0.75
15 5 0.75
8 3 0.75
7 2 0.75
9 12 0.75
12 4 0.75
1 18 0.5
18 19 0.5
19 20 0.5
20 21 0.5
21 22 0.5
3 23 0.5
23 24 0.5
24 25 0.5
4 26 0.5
26 27 0.5
5 28 0.5
22 25 0.75
25 27 0.75
27 28 0.75
28 6 0.75
21 24 0.75
24 26 0.75
26 5 0.75
19 3 0.75
18 2 0.75
20 23 0.75
23 4 0.75
29 22 0.75
30 21 0.75
31 20 0.75
32 19 0.75
33 18 0.75
34 11 0.75
35 10 0.75
36 9 0.75
37 8 0.75
38 7 0.75
39 40 1.0
40 41 1.0
41 42 1.0
42 43 1.0
43 6 1.0
39 44 0.5
44 45 0.5
45 46 0.5
46 47 0.5
47 11 0.5
41 48 0.5
48 49 0.5
49 14 0.5
42 50 0.5
50 16 0.5
43 17 0.5
47 49 0.75
49 50 0.75
50 43 0.75
45 41 0.75
44 40 0.75
46 48 0.75
48 42 0.75
39 51 0.5
51 52 0.5
52 53 0.5
53 54 0.5
54 55 0.5
41 56 0.5
56 57 0.5
57 58 0.5
42 59 0.5
59 60 0.5
43 61 0.5
55 58 0.75
58 60 0.75
60 61 0.75
61 6 0.75
54 57 0.75
57 59 0.75
59 43 0.75
52 41 0.75
51 40 0.75
53 56 0.75
56 42 0.75
62 55 0.75
63 54 0.75
64 53 0.75
65 52 0.75
66 51 0.75
67 47 0.75
68 46 0.75
69 45 0.75
70 44 0.75
71 72 1.0
72 73 1.0
73 74 1.0
74 75 1.0
75 6 1.0
71 76 0.5
76 77 0.5
77 78 0.5
78 79 0.5
79 80 0.5
73 81 0.5
81 82 0.5
82 83 0.5
74 84 0.5
84 85 0.5
75 86 0.5
80 83 0.75
83 85 0.75
85 86 0.75
86 6 0.75
79 82 0.75
82 84 0.75
84 75 0.75
77 73 0.75
76 72 0.75
78 81 0.75
81 74 0.75
71 87 0.5
87 88 0.5
88 89 0.5
89 90 0.5
90 22 0.5
73 91 0.5
91 92 0.5
92 25 0.5
74 93 0.5
93 27 0.5
75 28 0.5
90 92 0.75
92 93 0.75
93 75 0.75
88 73 0.75
87 72 0.75
89 91 0.75
91 74 0.75
94 90 0.75
95 89 0.75
96 88 0.75
97 87 0.75
98 80 0.75
99 79 0.75
100 78 0.75
101 77 0.75
102 76 0.75
103 104 1.0
104 105 1.0
105 106 1.0
106 107 1.0
107 6 1.0
103 108 0.5
108 109 0.5
109 110 0.5
110 111 0.5
111 80 0.5
105 112 0.5
112 113 0.5
113 83 0.5
106 114 0.5
114 85 0.5
107 86 0.5
111 113 0.75
113 114 0.75
114 107 0.75
109 105 0.75
108 104 0.75
110 112 0.75
112 106 0.75
103 115 0.5
115 116 0.5
116 117 0.5
117 118 0.5
118 55 0.5
105 119 0.5
119 120 0.5
120 58 0.5
106 121 0.5
121 60 0.5
107 61 0.5
118 120 0.75
120 121 0.75
121 107 0.75
116 105 0.75
115 104 0.75
117 119 0.75
119 106 0.75
122 118 0.75
123 117 0.75
124 116 0.75
125 115 0.75
126 111 0.75
127 110 0.75
128 109 0.75
129 108 0.75
130 71 1.0
131 1 1.0
132 103 1.0
133 39 1.0
