175
1  +0.000000  +0.000000  +2.651650  +2.951650  +0.000  +0.000  -3.889  1  INTERNAL NODES
2  +0.365794  -0.365794  +2.600700  +2.905964  +0.000  +0.000  -0.194  1  INTERNAL NODES
3  +0.717531  -0.717531  +2.449806  +2.771739  +0.000  +0.000  -0.429  1  INTERNAL NODES
4  +1.041694  -1.041694  +2.204767  +2.557731  +0.000  +0.000  -0.709  1  INTERNAL NODES
5  +1.325825  -1.325825  +1.875000  +2.279609  +0.000  +0.000  -0.774  1  INTERNAL NODES
6  +1.482318  -1.482318  +1.623798  +2.077910  +0.000  +0.000  -1.253  1  INTERNAL NODES
7  +1.753902  -1.753902  +0.937500  +1.599968  +0.000  +0.000  -1.201  1  INTERNAL NODES
8  +1.875000  -1.875000  +0.000000  +1.296530  +0.000  +0.000  -0.935  1  INTERNAL NODES
9  +0.391051  -0.338660  +2.600700  +2.905964  +0.000  +0.000  -0.433  1  INTERNAL NODES
10  +0.767073  -0.664305  +2.449806  +2.771739  +0.000  +0.000  -0.956  1  INTERNAL NODES
11  +1.113618  -0.964421  +2.204767  +2.557731  +0.000  +0.000  -1.580  1  INTERNAL NODES
12  +1.417367  -1.227476  +1.875000  +2.279609  +0.000  +0.000  -1.725  1  INTERNAL NODES
13  +1.584664  -1.372359  +1.623798  +2.077910  +0.000  +0.000  -1.896  1  INTERNAL NODES
14  +1.875000  -1.623798  +0.937500  +1.599968  +0.000  +0.000  -3.294  1  INTERNAL NODES
15  +0.462697  -0.231349  +2.600700  +2.905964  +0.000  +0.000  -0.943  1  INTERNAL NODES
16  +0.907613  -0.453807  +2.449806  +2.771739  +0.000  +0.000  -2.081  1  INTERNAL NODES
17  +1.317651  -0.658825  +2.204767  +2.557731  +0.000  +0.000  -3.441  1  INTERNAL NODES
18  +1.677051  -0.838525  +1.875000  +2.279609  +0.000  +0.000  -3.171  1  INTERNAL NODES
19  +1.875000  -0.937500  +1.623798  +2.077910  +0.000  +0.000  -4.951  1  INTERNAL NODES
20  +0.517311  +0.000000  +2.600700  +2.905964  +0.000  +0.000  -1.214  1  INTERNAL NODES
21  +1.014743  +0.000000  +2.449806  +2.771739  +0.000  +0.000  -2.680  1  INTERNAL NODES
22  +1.473178  +0.000000  +2.204767  +2.557731  +0.000  +0.000  -4.430  1  INTERNAL NODES
23  +1.875000  +0.000000  +1.875000  +2.279609  +0.000  +0.000  -7.220  1  INTERNAL NODES
24  +0.462697  +0.231349  +2.600700  +2.905964  +0.000  +0.000  -0.943  1  INTERNAL NODES
25  +0.907613  +0.453807  +2.449806  +2.771739  +0.000  +0.000  -2.081  1  INTERNAL NODES
26  +1.317651  +0.658825  +2.204767  +2.557731  +0.000  +0.000  -3.441  1  INTERNAL NODES
27  +1.677051  +0.838525  +1.875000  +2.279609  +0.000  +0.000  -3.171  1  INTERNAL NODES
28  +1.875000  +0.937500  +1.623798  +2.077910  +0.000  +0.000  -4.951  1  INTERNAL NODES
29  +0.391051  +0.338660  +2.600700  +2.905964  +0.000  +0.000  -0.433  1  INTERNAL NODES
30  +0.767073  +0.664305  +2.449806  +2.771739  +0.000  +0.000  -0.956  1  INTERNAL NODES
31  +1.113618  +0.964421  +2.204767  +2.557731  +0.000  +0.000  -1.580  1  INTERNAL NODES
32  +1.417367  +1.227476  +1.875000  +2.279609  +0.000  +0.000  -1.725  1  INTERNAL NODES
33  +1.584664  +1.372359  +1.623798  +2.077910  +0.000  +0.000  -1.896  1  INTERNAL NODES
34  +1.875000  +1.623798  +0.937500  +1.599968  +0.000  +0.000  -3.294  1  INTERNAL NODES
35  +0.365794  +0.365794  +2.600700  +2.905964  +0.000  +0.000  -0.194  1  INTERNAL NODES
36  +0.717531  +0.717531  +2.449806  +2.771739  +0.000  +0.000  -0.429  1  INTERNAL NODES
37  +1.041694  +1.041694  +2.204767  +2.557731  +0.000  +0.000  -0.709  1  INTERNAL NODES
38  +1.325825  +1.325825  +1.875000  +2.279609  +0.000  +0.000  -0.774  1  INTERNAL NODES
39  +1.482318  +1.482318  +1.623798  +2.077910  +0.000  +0.000  -1.253  1  INTERNAL NODES
40  +1.753902  +1.753902  +0.937500  +1.599968  +0.000  +0.000  -1.201  1  INTERNAL NODES
41  +1.875000  +1.875000  +0.000000  +1.296530  +0.000  +0.000  -0.935  1  INTERNAL NODES
42  +0.338660  +0.391051  +2.600700  +2.905964  +0.000  +0.000  -0.433  1  INTERNAL NODES
43  +0.664305  +0.767073  +2.449806  +2.771739  +0.000  +0.000  -0.956  1  INTERNAL NODES
44  +0.964421  +1.113618  +2.204767  +2.557731  +0.000  +0.000  -1.580  1  INTERNAL NODES
45  +1.227476  +1.417367  +1.875000  +2.279609  +0.000  +0.000  -1.725  1  INTERNAL NODES
46  +1.372359  +1.584664  +1.623798  +2.077910  +0.000  +0.000  -1.896  1  INTERNAL NODES
47  +1.623798  +1.875000  +0.937500  +1.599968  +0.000  +0.000  -1.420  1  INTERNAL NODES
48  +0.231349  +0.462697  +2.600700  +2.905964  +0.000  +0.000  -0.943  1  INTERNAL NODES
49  +0.453807  +0.907613  +2.449806  +2.771739  +0.000  +0.000  -2.081  1  INTERNAL NODES
50  +0.658825  +1.317651  +2.204767  +2.557731  +0.000  +0.000  -3.441  1  INTERNAL NODES
51  +0.838525  +1.677051  +1.875000  +2.279609  +0.000  +0.000  -3.171  1  INTERNAL NODES
52  +0.937500  +1.875000  +1.623798  +2.077910  +0.000  +0.000  -2.437  1  INTERNAL NODES
53  -0.000000  +0.517311  +2.600700  +2.905964  +0.000  +0.000  -1.214  1  INTERNAL NODES
54  -0.000000  +1.014743  +2.449806  +2.771739  +0.000  +0.000  -2.680  1  INTERNAL NODES
55  -0.000000  +1.473178  +2.204767  +2.557731  +0.000  +0.000  -4.430  1  INTERNAL NODES
56  -0.000000  +1.875000  +1.875000  +2.279609  +0.000  +0.000  -4.655  1  INTERNAL NODES
57  -0.231349  +0.462697  +2.600700  +2.905964  +0.000  +0.000  -0.943  1  INTERNAL NODES
58  -0.453807  +0.907613  +2.449806  +2.771739  +0.000  +0.000  -2.081  1  INTERNAL NODES
59  -0.658825  +1.317651  +2.204767  +2.557731  +0.000  +0.000  -3.441  1  INTERNAL NODES
60  -0.838525  +1.677051  +1.875000  +2.279609  +0.000  +0.000  -3.171  1  INTERNAL NODES
61  -0.937500  +1.875000  +1.623798  +2.077910  +0.000  +0.000  -2.437  1  INTERNAL NODES
62  -0.338660  +0.391051  +2.600700  +2.905964  +0.000  +0.000  -0.433  1  INTERNAL NODES
63  -0.664305  +0.767073  +2.449806  +2.771739  +0.000  +0.000  -0.956  1  INTERNAL NODES
64  -0.964421  +1.113618  +2.204767  +2.557731  +0.000  +0.000  -1.580  1  INTERNAL NODES
65  -1.227476  +1.417367  +1.875000  +2.279609  +0.000  +0.000  -1.725  1  INTERNAL NODES
66  -1.372359  +1.584664  +1.623798  +2.077910  +0.000  +0.000  -1.896  1  INTERNAL NODES
67  -1.623798  +1.875000  +0.937500  +1.599968  +0.000  +0.000  -1.420  1  INTERNAL NODES
68  -0.365794  +0.365794  +2.600700  +2.905964  +0.000  +0.000  -0.194  1  INTERNAL NODES
69  -0.717531  +0.717531  +2.449806  +2.771739  +0.000  +0.000  -0.429  1  INTERNAL NODES
70  -1.041694  +1.041694  +2.204767  +2.557731  +0.000  +0.000  -0.709  1  INTERNAL NODES
71  -1.325825  +1.325825  +1.875000  +2.279609  +0.000  +0.000  -0.774  1  INTERNAL NODES
72  -1.482318  +1.482318  +1.623798  +2.077910  +0.000  +0.000  -1.253  1  INTERNAL NODES
73  -1.753902  +1.753902  +0.937500  +1.599968  +0.000  +0.000  -1.201  1  INTERNAL NODES
74  -1.875000  +1.875000  +0.000000  +1.296530  +0.000  +0.000  -0.935  1  INTERNAL NODES
75  -0.391051  +0.338660  +2.600700  +2.905964  +0.000  +0.000  -0.433  1  INTERNAL NODES
76  -0.767073  +0.664305  +2.449806  +2.771739  +0.000  +0.000  -0.956  1  INTERNAL NODES
77  -1.113618  +0.964421  +2.204767  +2.557731  +0.000  +0.000  -1.580  1  INTERNAL NODES
78  -1.417367  +1.227476  +1.875000  +2.279609  +0.000  +0.000  -1.725  1  INTERNAL NODES
79  -1.584664  +1.372359  +1.623798  +2.077910  +0.000  +0.000  -1.896  1  INTERNAL NODES
80  -1.875000  +1.623798  +0.937500  +1.599968  +0.000  +0.000  -3.294  1  INTERNAL NODES
81  -0.462697  +0.231349  +2.600700  +2.905964  +0.000  +0.000  -0.943  1  INTERNAL NODES
82  -0.907613  +0.453807  +2.449806  +2.771739  +0.000  +0.000  -2.081  1  INTERNAL NODES
83  -1.317651  +0.658825  +2.204767  +2.557731  +0.000  +0.000  -3.441  1  INTERNAL NODES
84  -1.677051  +0.838525  +1.875000  +2.279609  +0.000  +0.000  -3.171  1  INTERNAL NODES
85  -1.875000  +0.937500  +1.623798  +2.077910  +0.000  +0.000  -4.951  1  INTERNAL NODES
86  -0.517311  -0.000000  +2.600700  +2.905964  +0.000  +0.000  -1.214  1  INTERNAL NODES
87  -1.014743  -0.000000  +2.449806  +2.771739  +0.000  +0.000  -2.680  1  INTERNAL NODES
88  -1.473178  -0.000000  +2.204767  +2.557731  +0.000  +0.000  -4.430  1  INTERNAL NODES
89  -1.875000  -0.000000  +1.875000  +2.279609  +0.000  +0.000  -7.220  1  INTERNAL NODES
90  -0.462697  -0.231349  +2.600700  +2.905964  +0.000  +0.000  -0.943  1  INTERNAL NODES
91  -0.907613  -0.453807  +2.449806  +2.771739  +0.000  +0.000  -2.081  1  INTERNAL NODES
92  -1.317651  -0.658825  +2.204767  +2.557731  +0.000  +0.000  -3.441  1  INTERNAL NODES
93  -1.677051  -0.838525  +1.875000  +2.279609  +0.000  +0.000  -3.171  1  INTERNAL NODES
94  -1.875000  -0.937500  +1.623798  +2.077910  +0.000  +0.000  -4.951  1  INTERNAL NODES
95  -0.391051  -0.338660  +2.600700  +2.905964  +0.000  +0.000  -0.433  1  INTERNAL NODES
96  -0.767073  -0.664305  +2.449806  +2.771739  +0.000  +0.000  -0.956  1  INTERNAL NODES
97  -1.113618  -0.964421  +2.204767  +2.557731  +0.000  +0.000  -1.580  1  INTERNAL NODES
98  -1.417367  -1.227476  +1.875000  +2.279609  +0.000  +0.000  -1.725  1  INTERNAL NODES
99  -1.584664  -1.372359  +1.623798  +2.077910  +0.000  +0.000  -1.896  1  INTERNAL NODES
100  -1.875000  -1.623798  +0.937500  +1.599968  +0.000  +0.000  -3.294  1  INTERNAL NODES
101  -0.365794  -0.365794  +2.600700  +2.905964  +0.000  +0.000  -0.194  1  INTERNAL NODES
102  -0.717531  -0.717531  +2.449806  +2.771739  +0.000  +0.000  -0.429  1  INTERNAL NODES
103  -1.041694  -1.041694  +2.204767  +2.557731  +0.000  +0.000  -0.709  1  INTERNAL NODES
104  -1.325825  -1.325825  +1.875000  +2.279609  +0.000  +0.000  -0.774  1  INTERNAL NODES
105  -1.482318  -1.482318  +1.623798  +2.077910  +0.000  +0.000  -1.253  1  INTERNAL NODES
106  -1.753902  -1.753902  +0.937500  +1.599968  +0.000  +0.000  -1.201  1  INTERNAL NODES
107  -1.875000  -1.875000  +0.000000  +1.296530  +0.000  +0.000  -0.935  1  INTERNAL NODES
108  -0.338660  -0.391051  +2.600700  +2.905964  +0.000  +0.000  -0.433  1  INTERNAL NODES
109  -0.664305  -0.767073  +2.449806  +2.771739  +0.000  +0.000  -0.956  1  INTERNAL NODES
110  -0.964421  -1.113618  +2.204767  +2.557731  +0.000  +0.000  -1.580  1  INTERNAL NODES
111  -1.227476  -1.417367  +1.875000  +2.279609  +0.000  +0.000  -1.725  1  INTERNAL NODES
112  -1.372359  -1.584664  +1.623798  +2.077910  +0.000  +0.000  -1.896  1  INTERNAL NODES
113  -1.623798  -1.875000  +0.937500  +1.599968  +0.000  +0.000  -1.420  1  INTERNAL NODES
114  -0.231349  -0.462697  +2.600700  +2.905964  +0.000  +0.000  -0.943  1  INTERNAL NODES
115  -0.453807  -0.907613  +2.449806  +2.771739  +0.000  +0.000  -2.081  1  INTERNAL NODES
116  -0.658825  -1.317651  +2.204767  +2.557731  +0.000  +0.000  -3.441  1  INTERNAL NODES
117  -0.838525  -1.677051  +1.875000  +2.279609  +0.000  +0.000  -3.171  1  INTERNAL NODES
118  -0.937500  -1.875000  +1.623798  +2.077910  +0.000  +0.000  -2.437  1  INTERNAL NODES
119  +0.000000  -0.517311  +2.600700  +2.905964  +0.000  +0.000  -1.214  1  INTERNAL NODES
120  +0.000000  -1.014743  +2.449806  +2.771739  +0.000  +0.000  -2.680  1  INTERNAL NODES
121  +0.000000  -1.473178  +2.204767  +2.557731  +0.000  +0.000  -4.430  1  INTERNAL NODES
122  +0.000000  -1.875000  +1.875000  +2.279609  +0.000  +0.000  -4.655  1  INTERNAL NODES
123  +0.231349  -0.462697  +2.600700  +2.905964  +0.000  +0.000  -0.943  1  INTERNAL NODES
124  +0.453807  -0.907613  +2.449806  +2.771739  +0.000  +0.000  -2.081  1  INTERNAL NODES
125  +0.658825  -1.317651  +2.204767  +2.557731  +0.000  +0.000  -3.441  1  INTERNAL NODES
126  +0.838525  -1.677051  +1.875000  +2.279609  +0.000  +0.000  -3.171  1  INTERNAL NODES
127  +0.937500  -1.875000  +1.623798  +2.077910  +0.000  +0.000  -2.437  1  INTERNAL NODES
128  +0.338660  -0.391051  +2.600700  +2.905964  +0.000  +0.000  -0.433  1  INTERNAL NODES
129  +0.664305  -0.767073  +2.449806  +2.771739  +0.000  +0.000  -0.956  1  INTERNAL NODES
130  +0.964421  -1.113618  +2.204767  +2.557731  +0.000  +0.000  -1.580  1  INTERNAL NODES
131  +1.227476  -1.417367  +1.875000  +2.279609  +0.000  +0.000  -1.725  1  INTERNAL NODES
132  +1.372359  -1.584664  +1.623798  +2.077910  +0.000  +0.000  -1.896  1  INTERNAL NODES
133  +1.623798  -1.875000  +0.937500  +1.599968  +0.000  +0.000  -1.420  1  INTERNAL NODES
134  +2.125000  -1.875000  +0.000000  +1.296530  +0.000  +0.000  -0.642  1  INTERNAL NODES
135  +2.125000  -1.623798  +0.937500  +1.599968  +0.000  +0.000  -1.874  1  INTERNAL NODES
136  +2.125000  -0.937500  +1.623798  +2.077910  +0.000  +0.000  -2.514  1  INTERNAL NODES
137  +2.125000  +0.000000  +1.875000  +2.279609  +0.000  +0.000  -2.565  1  INTERNAL NODES
138  +2.125000  +0.937500  +1.623798  +2.077910  +0.000  +0.000  -2.514  1  INTERNAL NODES
139  +2.125000  +1.623798  +0.937500  +1.599968  +0.000  +0.000  -1.874  1  INTERNAL NODES
140  +2.125000  +1.875000  +0.000000  +1.296530  +0.000  +0.000  -0.642  1  INTERNAL NODES
141  -2.125000  +1.875000  +0.000000  +1.296530  +0.000  +0.000  -0.642  1  INTERNAL NODES
142  -2.125000  +1.623798  +0.937500  +1.599968  +0.000  +0.000  -1.874  1  INTERNAL NODES
143  -2.125000  +0.937500  +1.623798  +2.077910  +0.000  +0.000  -2.514  1  INTERNAL NODES
144  -2.125000  -0.000000  +1.875000  +2.279609  +0.000  +0.000  -2.565  1  INTERNAL NODES
145  -2.125000  -0.937500  +1.623798  +2.077910  +0.000  +0.000  -2.514  1  INTERNAL NODES
146  -2.125000  -1.623798  +0.937500  +1.599968  +0.000  +0.000  -1.874  1  INTERNAL NODES
147  -2.125000  -1.875000  +0.000000  +1.296530  +0.000  +0.000  -0.642  1  INTERNAL NODES
148  +2.725000  -1.623798  +1.062500  +1.599968  +0.000  +0.000  +0.000  0  EXTERNAL NODES
149  +2.725000  -0.937500  +1.748798  +2.077910  +0.000  +0.000  +0.000  0  EXTERNAL NODES
150  +2.725000  +0.000000  +2.000000  +2.279609  +0.000  +0.000  +0.000  0  EXTERNAL NODES
151  +2.725000  +0.937500  +1.748798  +2.077910  +0.000  +0.000  +0.000  0  EXTERNAL NODES
152  +2.725000  +1.623798  +1.062500  +1.599968  +0.000  +0.000  +0.000  0  EXTERNAL NODES
153  -2.725000  +1.623798  +1.062500  +1.599968  +0.000  +0.000  +0.000  0  EXTERNAL NODES
154  -2.725000  +0.937500  +1.748798  +2.077910  +0.000  +0.000  +0.000  0  EXTERNAL NODES
155  -2.725000  -0.000000  +2.000000  +2.279609  +0.000  +0.000  +0.000  0  EXTERNAL NODES
156  -2.725000  -0.937500  +1.748798  +2.077910  +0.000  +0.000  +0.000  0  EXTERNAL NODES
157  -2.725000  -1.623798  +1.062500  +1.599968  +0.000  +0.000  +0.000  0  EXTERNAL NODES
158  +1.623798  +2.475000  -2.062500  +1.599968  +0.000  +0.000  +0.000  0  EXTERNAL NODES
159  +0.937500  +2.475000  -1.376202  +2.077910  +0.000  +0.000  +0.000  0  EXTERNAL NODES
160  -0.000000  +2.475000  -1.125000  +2.279609  +0.000  +0.000  +0.000  0  EXTERNAL NODES
161  -0.937500  +2.475000  -1.376202  +2.077910  +0.000  +0.000  +0.000  0  EXTERNAL NODES
162  -1.623798  +2.475000  -2.062500  +1.599968  +0.000  +0.000  +0.000  0  EXTERNAL NODES
163  -1.623798  -2.475000  -2.062500  +1.599968  +0.000  +0.000  +0.000  0  EXTERNAL NODES
164  -0.937500  -2.475000  -1.376202  +2.077910  +0.000  +0.000  +0.000  0  EXTERNAL NODES
165  +0.000000  -2.475000  -1.125000  +2.279609  +0.000  +0.000  +0.000  0  EXTERNAL NODES
166  +0.937500  -2.475000  -1.376202  +2.077910  +0.000  +0.000  +0.000  0  EXTERNAL NODES
167  +1.623798  -2.475000  -2.062500  +1.599968  +0.000  +0.000  +0.000  0  EXTERNAL NODES
168  +2.375000  +2.375000  -3.000000  +0.000000  +0.000  +0.000  +0.000  0  EXTERNAL NODES
169  -2.375000  +2.375000  -3.000000  +0.000000  +0.000  +0.000  +0.000  0  EXTERNAL NODES
170  -2.375000  -2.375000  -3.000000  +0.000000  +0.000  +0.000  +0.000  0  EXTERNAL NODES
171  +2.375000  -2.375000  -3.000000  +0.000000  +0.000  +0.000  +0.000  0  EXTERNAL NODES
172  +2.125000  -2.375000  +0.000000  -3.000000  +0.000  +0.000  +0.000  0  EXTERNAL NODES
173  +2.125000  +2.375000  +0.000000  -3.000000  +0.000  +0.000  +0.000  0  EXTERNAL NODES
174  -2.125000  +2.375000  +0.000000  -3.000000  +0.000  +0.000  +0.000  0  EXTERNAL NODES
175  -2.125000  -2.375000  +0.000000  -3.000000  +0.000  +0.000  +0.000  0  EXTERNAL NODES
330
1 2 +3.000
2 3 +3.000
3 4 +3.000
4 5 +3.000
5 6 +3.000
6 7 +3.000
7 8 +3.000
1 9 +3.000
9 10 +3.000
10 11 +3.000
11 12 +3.000
12 13 +3.000
13 14 +3.000
1 15 +3.000
15 16 +3.000
16 17 +3.000
17 18 +3.000
18 19 +3.000
1 20 +3.000
20 21 +3.000
21 22 +3.000
22 23 +3.000
1 24 +3.000
24 25 +3.000
25 26 +3.000
26 27 +3.000
27 28 +3.000
1 29 +3.000
29 30 +3.000
30 31 +3.000
31 32 +3.000
32 33 +3.000
33 34 +3.000
1 35 +3.000
35 36 +3.000
36 37 +3.000
37 38 +3.000
38 39 +3.000
39 40 +3.000
40 41 +3.000
1 42 +3.000
42 43 +3.000
43 44 +3.000
44 45 +3.000
45 46 +3.000
46 47 +3.000
1 48 +3.000
48 49 +3.000
49 50 +3.000
50 51 +3.000
51 52 +3.000
1 53 +3.000
53 54 +3.000
54 55 +3.000
55 56 +3.000
1 57 +3.000
57 58 +3.000
58 59 +3.000
59 60 +3.000
60 61 +3.000
1 62 +3.000
62 63 +3.000
63 64 +3.000
64 65 +3.000
65 66 +3.000
66 67 +3.000
1 68 +3.000
68 69 +3.000
69 70 +3.000
70 71 +3.000
71 72 +3.000
72 73 +3.000
73 74 +3.000
1 75 +3.000
75 76 +3.000
76 77 +3.000
77 78 +3.000
78 79 +3.000
79 80 +3.000
1 81 +3.000
81 82 +3.000
82 83 +3.000
83 84 +3.000
84 85 +3.000
1 86 +3.000
86 87 +3.000
87 88 +3.000
88 89 +3.000
1 90 +3.000
90 91 +3.000
91 92 +3.000
92 93 +3.000
93 94 +3.000
1 95 +3.000
95 96 +3.000
96 97 +3.000
97 98 +3.000
98 99 +3.000
99 100 +3.000
1 101 +3.000
101 102 +3.000
102 103 +3.000
103 104 +3.000
104 105 +3.000
105 106 +3.000
106 107 +3.000
1 108 +3.000
108 109 +3.000
109 110 +3.000
110 111 +3.000
111 112 +3.000
112 113 +3.000
1 114 +3.000
114 115 +3.000
115 116 +3.000
116 117 +3.000
117 118 +3.000
1 119 +3.000
119 120 +3.000
120 121 +3.000
121 122 +3.000
1 123 +3.000
123 124 +3.000
124 125 +3.000
125 126 +3.000
126 127 +3.000
1 128 +3.000
128 129 +3.000
129 130 +3.000
130 131 +3.000
131 132 +3.000
132 133 +3.000
2 9 +3.000
3 10 +3.000
4 11 +3.000
5 12 +3.000
6 13 +3.000
7 14 +3.000
9 15 +3.000
10 16 +3.000
11 17 +3.000
12 18 +3.000
13 19 +3.000
15 20 +3.000
16 21 +3.000
17 22 +3.000
18 23 +3.000
20 24 +3.000
21 25 +3.000
22 26 +3.000
23 27 +3.000
24 29 +3.000
25 30 +3.000
26 31 +3.000
27 32 +3.000
28 33 +3.000
29 35 +3.000
30 36 +3.000
31 37 +3.000
32 38 +3.000
33 39 +3.000
34 40 +3.000
35 42 +3.000
36 43 +3.000
37 44 +3.000
38 45 +3.000
39 46 +3.000
40 47 +3.000
42 48 +3.000
43 49 +3.000
44 50 +3.000
45 51 +3.000
46 52 +3.000
48 53 +3.000
49 54 +3.000
50 55 +3.000
51 56 +3.000
53 57 +3.000
54 58 +3.000
55 59 +3.000
56 60 +3.000
57 62 +3.000
58 63 +3.000
59 64 +3.000
60 65 +3.000
61 66 +3.000
62 68 +3.000
63 69 +3.000
64 70 +3.000
65 71 +3.000
66 72 +3.000
67 73 +3.000
68 75 +3.000
69 76 +3.000
70 77 +3.000
71 78 +3.000
72 79 +3.000
73 80 +3.000
75 81 +3.000
76 82 +3.000
77 83 +3.000
78 84 +3.000
79 85 +3.000
81 86 +3.000
82 87 +3.000
83 88 +3.000
84 89 +3.000
86 90 +3.000
87 91 +3.000
88 92 +3.000
89 93 +3.000
90 95 +3.000
91 96 +3.000
92 97 +3.000
93 98 +3.000
94 99 +3.000
95 101 +3.000
96 102 +3.000
97 103 +3.000
98 104 +3.000
99 105 +3.000
100 106 +3.000
101 108 +3.000
102 109 +3.000
103 110 +3.000
104 111 +3.000
105 112 +3.000
106 113 +3.000
108 114 +3.000
109 115 +3.000
110 116 +3.000
111 117 +3.000
112 118 +3.000
114 119 +3.000
115 120 +3.000
116 121 +3.000
117 122 +3.000
119 123 +3.000
120 124 +3.000
121 125 +3.000
122 126 +3.000
123 128 +3.000
124 129 +3.000
125 130 +3.000
126 131 +3.000
127 132 +3.000
128 2 +3.000
129 3 +3.000
130 4 +3.000
131 5 +3.000
132 6 +3.000
133 7 +3.000
8 14 +3.000
14 19 +3.000
19 23 +3.000
23 28 +3.000
28 34 +3.000
34 41 +3.000
41 47 +3.000
47 52 +3.000
52 56 +3.000
56 61 +3.000
61 67 +3.000
67 74 +3.000
74 80 +3.000
80 85 +3.000
85 89 +3.000
89 94 +3.000
94 100 +3.000
100 107 +3.000
107 113 +3.000
113 118 +3.000
118 122 +3.000
122 127 +3.000
127 133 +3.000
133 8 +3.000
8 134 +3.000
14 135 +3.000
19 136 +3.000
23 137 +3.000
28 138 +3.000
34 139 +3.000
41 140 +3.000
134 135 +3.000
135 136 +3.000
136 137 +3.000
137 138 +3.000
138 139 +3.000
139 140 +3.000
74 141 +3.000
80 142 +3.000
85 143 +3.000
89 144 +3.000
94 145 +3.000
100 146 +3.000
107 147 +3.000
141 142 +3.000
142 143 +3.000
143 144 +3.000
144 145 +3.000
145 146 +3.000
146 147 +3.000
135 148 +3.000
136 149 +3.000
137 150 +3.000
138 151 +3.000
139 152 +3.000
142 153 +3.000
143 154 +3.000
144 155 +3.000
145 156 +3.000
146 157 +3.000
47 158 +3.000
52 159 +3.000
56 160 +3.000
61 161 +3.000
67 162 +3.000
113 163 +3.000
118 164 +3.000
122 165 +3.000
127 166 +3.000
133 167 +3.000
41 168 +3.000
74 169 +3.000
107 170 +3.000
8 171 +3.000
134 172 +3.000
140 173 +3.000
141 174 +3.000
147 175 +3.000
